980
980
966.7
955.49
957
954
959.98
952
941.36
927.74
923.72
925.45
927.75
933
922.98
917.42
920.01
924.66
931.25
930.66
932.59
934.25
936.49
931.73
930.15
933.08
941.13
931.76
920.05
905.1
916
923.49
928.66
921.93
912.72
910
910.31
925.78
925.29
924.23
922.53
907.97
917.55
920.61
927.09
929.06
926.75
930.34
928.61
932.38
941.89
929.4
951.78
954.68
953.81
972.22
962.25
975
967.84
953
957
952
946.29
938.68
929.54
921.77
908.85
904.12
901.76
912.18
926.05
929.92
929
942.46
969.9
956.83
958.7
953.64
957.52
949.96
940
933.97
959.92
951.91
939.56
984.5
982.35
979.65
983.16
976.55
969.46
968.95
975.02
970.31
969.7
957.33
952.98
947.92
935
931.47
921
935.67
940
932.95
931.53
925.32
931.98
936.95
926.12
933.54
926.07
914.86
909.62
901.94
910.66
873.6
874.23
865
851.2
842.88
841.44
839.79
834.22
825.01
822.14
821.93
824.71
825.39
827.96
832.4
835.51
831.36
829.22
828.97
833.5
825
820.41
806.95
820.08
821
831.91
851.4
850.01
851.61
849.03
847.59
843.64
844
843.28
836
833.51
827.4
826.95
830.56
833.85
828.85
825.61
824.55
827.73
830.12
828.66
828.66
823.02
819.93
819.36
819
816
811.7
809.51
807
803.99
799.7
802.99
793.8
799.68
796.86
814.66
834.71
837.81
829.62
822.3
807.25
806.91
805.12
805.81
807.08
807.48
807.14
805
807.86
806.4
795.26
786.08
788.36
778.81
782.75
783.33
793.7
790.68
790.9
792.36
795.84
796.76
790.22
800.4
797.34
797.4
793.9
785.04
780
772.48
761
764.73
757.71
744.59
757.44
770.07
771.53
760
764.26
767.73
772.63
762.61
771.37
766.92
755.2
746.97
755.6
756.54
791.17
779.94
783.4
774.5
750.66
767.25
778.2
782.89
795.47
808.35
801
806.34
816.68
804.9
795
803.3
798.86
787.85
779.8
781.65
781.22
783.76